184
239
241
472
808
979
981
982
983
992
1006
1007
1160
1172
1173
1174
1175
1384
1561
1564
1565
1568
1596
1608
1712
1713
1797
1808
1809
1820
1832
1928
2012
2014
2028
2037
2040
2042
2084
2168
2240
2459
2648
2900
2901
2907
2951
2992
2995
3068
3096
3121
3135
3215
3276
3285
3288
3289
3422
3423
3434
3444
3453
3704
3944
4068
4123
4156
4161
4173
4188
4204
4451
4474
4476
4477
4496
4688
4904
4928
4980
5018
5025
5140
5193
5301
5360
5387
5436
5440
5499
5595
5600
5612
5624
5672
5715
5732
5859
5883
5907
5943
5951
5975
5992
6032
6044
6112
6212
6231
6232
6255
6291
6314
6315
6339
6352
6404
6408
6420
6428
6513
6560
6671
6704
6707
6710
6715
6824
6825
6828
6830
6832
6920
6976
6980
6992
7100
7101
7102
7103
7104
7105
7106
7107
7108
7109
7110
7111
7112
7113
7114
7115
7116
7117
7124
7134
7137
7150
7168
7172
7175
7179
7193
7197
7200
7248
7284
7312
7317
7319
7320
7321
7322
7323
7324
7325
7326
7327
7328
7329
7330
7331
7332
7333
7335
7336
7337
7340
7364
7368
7416
7427
7432
7436
7439
7440
7563
7572
7581
7583
7586
7589
7595
7596
7597
7605
7624
7631
7632
7644
7676
7680
7701
7740
7753
7789
7791
7792
7793
7794
7796
7799
7836
7857
7872
7916
7920
7922
7929
7964
8000
8106
8192
8204
8325
8436
8442
8443
8444
8446
8447
8453
8454
8552
8596
8613
8696
8793
8807
8964
9236
9237
9240
9242
9244
9254
9273
9452
9759
9788
9819
9836
9855
9887
9945
9999
10011
10023
10043
10047
10107
10130
10132
10143
10167
10239
10255
10256
10259
10260
10261
10268
10276
10277
10288
10310
10322
10323
10344
10346
10359
10371
10383
10395
10419
10431
10439
10440
10443
10455
10464
10467
10472
10479
10491
10500
10527
10539
10548
10551
10584
10587
10599
10608
10647
10671
10695
10707
10730
10731
10732
10736
10739
10743
10767
10779
10780
10791
10803
10875
10899
10911
10995
11007
11067
11079
11097
11100
11101
11103
11115
11139
11140
11151
11175
11180
11181
11183
11199
11217
11242
11244
11245
11247
11270
11274
11279
11283
11295
11300
11307
11343
11378
11400
11412
11415
11445
11450
11451
11456
11480
11486
11493
11522
11536
11552
11558
11576
11594
11642
11649
11678
11704
11714
11762
11798
11859
11895
11972
11996
12008
12027
12038
12051
12074
12111
12147
12183
12184
12187
12188
12232
12290
12307
12320
12332
12344
12363
12399
12411
12432
12433
12434
12435
12441
12447
12471
12483
12531
12543
12615
12639
12645
12675
12692
12693
12695
12704
12711
12717
12729
12741
12759
12765
12783
12855
12864
12891
13040
13041
13175
13199
13211
13288
13329
13467
13554
13556
13561
13562
13563
13565
13566
13569
13570
13574
13577
13607
13634
13644
13646
13659
13670
13809
13851
13863
13946
13964
13982
13986
13991
13994
13996
13997
14007
14008
14018
14030
14042
14054
14078
14102
14120
14138
14174
14192
14198
14234
14337
14513
14519
14810
14812
14817
14820
14846
14870
14882
14906
14908
14918
14930
14942
14946
14954
14966
14978
14985
14990
15000
15003
15012
15014
15028
15035
15059
15068
15071
15080
15081
15083
15086
15098
15099
15119
15122
15132
15135
15136
15148
15160
15170
15172
15184
15194
15195
15196
15206
15208
15218
15220
15230
15232
15239
15242
15244
15248
15254
15266
15268
15275
15278
15280
15302
15314
15316
15338
15340
15350
15352
15374
15398
15404
15410
15448
15460
15470
15472
15488
15496
15508
15516
15532
15544
15568
15572
15592
15616
15640
15658
15674
15677
15700
15712
15724
15741
15748
15760
15765
15772
15778
15796
15808
15812
15820
15856
15873
15904
15909
15945
15981
16029
16091
16115
16152
16190
16272
16307
16385
16401
16406
16430
16448
16575
16628
16683
16731
16743
16779
16803
16852
16863
16875
16887
16899
16923
16935
16959
16960
16971
16977
16995
17019
17031
17040
17055
17067
17079
17135
17163
17175
17192
17223
17224
17229
17236
17271
17307
17316
17319
17331
17337
17367
17368
17415
17487
17523
17532
17559
17565
17595
17643
17655
17691
17727
17763
17775
17799
17818
17847
17859
17883
17895
17908
17931
17943
17944
17972
17979
17980
17983
17984
17985
17986
17987
17988
17989
17991
17994
17998
18000
18003
18009
18015
18020
18028
18039
18060
18064
18075
18076
18087
18100
18111
18112
18131
18132
18134
18135
18136
18137
18148
18159
18160
18172
18183
18184
18196
18208
18220
18244
18254
18256
18264
18268
18280
18292
18304
18316
18328
18339
18340
18364
18375
18411
18412
18495
18531
18567
18568
18578
18603
18635
18639
18707
18711
18712
18748
18796
18812
18856
18880
18896
18939
18940
18952
18975
19011
19047
19083
19113
19119
19120
19155
19451
19472
19652
19720
19788
19800
19871
20006
20250
20252
20253
20254
